400
0.00250293358828480000
0.00274057679762182000
0.00280429007527177000
0.00276784640463370000
0.00270421719496969000
0.00265203120421055000
0.00262146804988120000
0.00260949822365335000
0.00261038122531901000
0.00261951203200272000
0.00263381180691636000
0.00265126557980628000
0.00267050209427475000
0.00269055814650386000
0.00271076949328572000
0.00273070256898684000
0.00275009694170048000
0.00276880284396399000
0.00278673208853339000
0.00280382352861274000
0.00282002823199448000
0.00283530518814974000
0.00284962202616736000
0.00286295515902821000
0.00287528771916784000
0.00288660643452773000
0.00289689845972408000
0.00290614961213581000
0.00291434379156059000
0.00292146327533272000
0.00292748915240347000
0.00293240148793648000
0.00293617917583969000
0.00293879955974886000
0.00294023808373589000
0.00294046806089019000
0.00293946062444456000
0.00293718480514757000
0.00293360766565512000
0.00292869443346075000
0.00292240857936726000
0.00291471183140993000
0.00290556411877437000
0.00289492347948850000
0.00288274598077885000
0.00286898572062553000
0.00285359496655072000
0.00283652444541499000
0.00281772373508662000
0.00279714165132094000
0.00277472651595620000
0.00275042625245843000
0.00272418836840280000
0.00269595998425599000
0.00266568807620465000
0.00263331998365413000
0.00259880405048006000
0.00256209016223728000
0.00252313002342949000
0.00248187725774526000
0.00243828761066220000
0.00239231948132505000
0.00234393472291073000
0.00229309941048205000
0.00223978436246865000
0.00218396554439119000
0.00212562468084526000
0.00206475020237061000
0.00200133831059305000
0.00193539390517379000
0.00186693140496871000
0.00179597568706950000
0.00172256321440656000
0.00164674319359105000
0.00156857864028347000
0.00148814740934953000
0.00140554329563877000
0.00132087717782185000
0.00123427810500188000
0.00114589429911280000
0.00105589409020182000
0.00096446676832912800
0.00087182329258717400
0.00077819681446783900
0.00068384300169513900
0.00058904014429030900
0.00049408900885803400
0.00039931240895574000
0.00030505446769651000
0.00021167954760255500
0.00011957081816952200
0.00002912843405812300
-0.00005923269687503360
-0.00014508557172638800
-0.00022799418836823100
-0.00030751708351209300
-0.00038321130909918600
-0.00045463683398831000
-0.00052136134796759200
-0.00058296543367456300
-0.00063904805866218300
-0.00068923232864617000
-0.00073317143008834900
-0.00077055467674891900
-0.00080111356153850900
-0.00082462769890898400
-0.00084093052691639400
-0.00084991462271632900
-0.00085153647398439400
-0.00084582054416904800
-0.00083286247328521100
-0.00081283126812727800
-0.00078597035519226300
-0.00075259739419757800
-0.00071310277790284000
-0.00066794677469549400
-0.00061765530376397700
-0.00056281436878375200
-0.00050406321468991500
-0.00044208631130966700
-0.00037760430470201000
-0.00031136411004319800
-0.00024412834589670400
-0.00017666432932445200
-0.00010973286243464600
-0.00004407704677651980
0.00001958863644451890
0.00008058874916741060
0.00013829660111647800
0.00019214302850799500
0.00024162406111957900
0.00028630731707633400
0.00032583699505587200
0.00035993736733003600
0.00038841471458470100
0.00041115768520020000
0.00042813610355344800
0.00043939829499653200
0.00044506703428350000
0.00044533425896780400
0.00044045471628067900
0.00043073873198572300
0.00041654430359620200
0.00039826872958699100
0.00037633999194564300
0.00035120811011893400
0.00032333667599179000
0.00029319475947374200
0.00026124934328311100
0.00022795840663279400
0.00019376473818689900
0.00015909052745326500
0.00012433276445528600
0.00008985946733267070
0.00005600675003763530
0.00002307672978555060
-0.00000866374851119882
-0.00003898362281245390
-0.00006768743986937680
-0.00009461459456507460
-0.00011963808201396900
-0.00014266285193023100
-0.00016362383924027200
-0.00018248373450087100
-0.00019923055661527600
-0.00021387509373302200
-0.00022644827946141600
-0.00023699856130265600
-0.00024558930121037400
-0.00025229623701943200
-0.00025720503993176900
-0.00026040902621517000
-0.00026200710134790600
-0.00026210199862366500
-0.00026079880128166400
-0.00025820362846020600
-0.00025442228488646100
-0.00024955870337659400
-0.00024371318923583700
-0.00023698075102209700
-0.00022945001145019100
-0.00022120314175675000
-0.00021231685096913200
-0.00020286377729761900
-0.00019291296961439700
-0.00018252791309836900
-0.00017176101373683400
-0.00016064451859532400
-0.00014917899144109500
-0.00013732094240271700
-0.00012497046963526700
-0.00011195785449238200
-0.00009802574197121750
-0.00008280249244623280
-0.00006576538352804280
-0.00004620426844674670
-0.00002322331130903290
0.00000414053609507639
0.00003658628839128500
0.00007401850276986990
0.00011511834221441300
0.00015747924043999400
0.00019837029875994500
0.00023555449609496300
0.00026761693848238200
0.00029385079616295600
0.00031403508246539600
0.00032827906844583800
0.00033691905515183900
0.00034042045182254200
0.00033927889704154600
0.00033394141572292500
0.00032476492267500800
0.00031201250570984500
0.00029587525676735600
0.00027650360024878900
0.00025403507804963700
0.00022861179667458100
0.00020038718674164100
0.00016952603398669000
0.00013620287567688500
0.00010060232366851000
0.00006292224242580790
0.00002337861033595950
-0.00001778982945685050
-0.00006031850624611320
-0.00010391587860414500
-0.00014826369081080900
-0.00019301784009053500
-0.00023780932967444500
-0.00028224524481150200
-0.00032591003829052400
-0.00036836748887778400
-0.00040916355257768400
-0.00044783012445215000
-0.00048388959036245300
-0.00051686001282194900
-0.00054626083741074000
-0.00057161906506009200
-0.00059247584428050400
-0.00060839340480478700
-0.00061896222626909900
-0.00062380831846486400
-0.00062260048941355800
-0.00061505750507378000
-0.00060095506124531700
-0.00058013246816347900
-0.00055249890642257700
-0.00051803906508200800
-0.00047681792918561800
-0.00042898446716338500
-0.00037477398923224100
-0.00031450899700684100
-0.00024859840806553200
-0.00017753510363073900
-0.00010189179702794000
-0.00002231525172753370
0.00006048109507862720
0.00014572600323191500
0.00023260062197518100
0.00032024974299442300
0.00040779378036755100
0.00049434111723566000
0.00057900048289903300
0.00066089307450484300
0.00073916418757652100
0.00081299416374645100
0.00088160850987359300
0.00094428709547725900
0.00100037239553899000
0.00104927680174508000
0.00109048906427820000
0.00112357993926382000
0.00114820709755749000
0.00116411929306940000
0.00117115968959200000
0.00116926811325444000
0.00115848187041235000
0.00113893470054203000
0.00111085346041074000
0.00107455227731143000
0.00103042414898436000
0.00097893024973359400
0.00092058745654777700
0.00085595478153589200
0.00078561946155346200
0.00071018341679192400
0.00063025067642858100
0.00054641621870415100
0.00045925652038427600
0.00036932198019585700
0.00027713127760034400
0.00018316764485397900
0.00008787695478686480
-0.00000833254453802902
-0.00010508907858569800
-0.00020205505406777400
-0.00029892392571730300
-0.00039541653069703300
-0.00049127719800480300
-0.00058626992479932800
-0.00068017488124366500
-0.00077278545658488700
-0.00086390598883352500
-0.00095335025028546500
-0.00104094068963198000
-0.00112650835765803000
-0.00120989340684660000
-0.00129094603933286000
-0.00136952774822359000
-0.00144551269864651000
-0.00151878911688836000
-0.00158926055834023000
-0.00165684696523704000
-0.00172148545566094000
-0.00178313073772919000
-0.00184175510010854000
-0.00189734809175457000
-0.00194991591581613000
-0.00199948034167822000
-0.00204607712718875000
-0.00208975432649543000
-0.00213057068132255000
-0.00216859375407145000
-0.00220389754524952000
-0.00223656005727347000
-0.00226666147229718000
-0.00229428283796941000
-0.00231950448962299000
-0.00234240395017885000
-0.00236305411568082000
-0.00238152261674167000
-0.00239787209466764000
-0.00241216022775479000
-0.00242443888821192000
-0.00243475309529247000
-0.00244314084909643000
-0.00244963407704246000
-0.00245425992649837000
-0.00245704157698737000
-0.00245799847548397000
-0.00245714650838322000
-0.00245449857777028000
-0.00245006558485629000
-0.00244385747021087000
-0.00243588396997806000
-0.00242615498785312000
-0.00241468069103968000
-0.00240147148207849000
-0.00238653792132218000
-0.00236989059294363000
-0.00235153989469707000
-0.00233149577906249000
-0.00230976752658199000
-0.00228636364425187000
-0.00226129194361406000
-0.00223455978798585000
-0.00220617444238805000
-0.00217614343340087000
-0.00214447483655170000
-0.00211117743882740000
-0.00207626075656343000
-0.00203973491394973000
-0.00200161039474682000
-0.00196189769853931000
-0.00192060693824377000
-0.00187774744311846000
-0.00183332740201803000
-0.00178735351272231000
-0.00173983047681211000
-0.00169076004731716000
-0.00164013945315094000
-0.00158795927403211000
-0.00153420156032216000
-0.00147883929931222000
-0.00142183830182129000
-0.00136316104032671000
-0.00130276950679262000
-0.00124062193699901000
-0.00117665755594911000
-0.00111076882990598000
-0.00104276810397008000
-0.00097236900786119200
-0.00089920527484214000
-0.00082290742351727000
-0.00074322586154906800
-0.00066015445328831800
-0.00057395357071422100
-0.00048496061412192600
-0.00039310322893487900
-0.00029715481080418700
-0.00019391481460739800
-0.00007756130077096260
0.00006075027361808870
0.00023344946232832200
0.00045743416855426900
0.00075344630158585400
0.00113784215213911000
0.00160253747166480000
0.00209237572209340000
