400
-0.00222695291613785000
-0.00239319327874627000
-0.00254509278632289000
-0.00265392719249345000
-0.00271593824513298000
-0.00274265434877370000
-0.00274768730716533000
-0.00274072046204144000
-0.00272722540222570000
-0.00270965721441317000
-0.00268891582689876000
-0.00266513169749766000
-0.00263830926090354000
-0.00260858037729732000
-0.00257625383721525000
-0.00254172437932796000
-0.00250535299173903000
-0.00246739811652323000
-0.00242799542460629000
-0.00238719259924650000
-0.00234498854959859000
-0.00230137751973681000
-0.00225636524633775000
-0.00220997723924979000
-0.00216224906448140000
-0.00211322000698732000
-0.00206292498719522000
-0.00201139357394370000
-0.00195865044045213000
-0.00190471795628893000
-0.00184961818029163000
-0.00179337381551252000
-0.00173600851538303000
-0.00167754650631711000
-0.00161801244007175000
-0.00155743129804475000
-0.00149582859023983000
-0.00143323064822139000
-0.00136966491304767000
-0.00130516024771888000
-0.00123974717547345000
-0.00117345817882071000
-0.00110632797521430000
-0.00103839383825950000
-0.00096969588260237900
-0.00090027732013108400
-0.00083018465526691500
-0.00075946784204790500
-0.00068818043846647200
-0.00061637980317507800
-0.00054412736733102300
-0.00047148896966847900
-0.00039853520354474600
-0.00032534169932335500
-0.00025198929408503800
-0.00017856410798892700
-0.00010515761922699800
-0.00003186684231276670
0.00004120536088405740
0.00011394992902307200
0.00018625136036265800
0.00025798765637612900
0.00032903035530457900
0.00039924447262223500
0.00046848827793719100
0.00053661305072020000
0.00060346301990470900
0.00066887551050860800
0.00073268112141963600
0.00079470381281522500
0.00085476101287026500
0.00091266392947758900
0.00096821807681312500
0.00102122387910839000
0.00107147729841176000
0.00111877059285369000
0.00116289328719905000
0.00120363331939846000
0.00124077831278463000
0.00127411700016714000
0.00130344085694968000
0.00132854593986296000
0.00134923489621264000
0.00136531913451938000
0.00137662116514855000
0.00138297709904264000
0.00138423927541694000
0.00138027899643052000
0.00137098935301856000
0.00135628811712066000
0.00133612066462295000
0.00131046288951932000
0.00127932406630482000
0.00124274961069464000
0.00120082368305257000
0.00115367157587356000
0.00110146182320654000
0.00104440796497174000
0.00098276989449505200
0.00091685471552496900
0.00084701703468594100
0.00077365861772436400
0.00069722734209736000
0.00061821538357993100
0.00053715658159297800
0.00045462293712411700
0.00037122021099791600
0.00028758260974031900
0.00020436657233410700
0.00012224370087545100
0.00004189291355652900
-0.00003600807053859470
-0.00011079177204018700
-0.00018181034789034700
-0.00024844515575497300
-0.00031011627934294900
-0.00036629179828924700
-0.00041649658042355600
-0.00046032037616722300
-0.00049742500467927000
-0.00052755043955255200
-0.00055051962780601500
-0.00056624190712429100
-0.00057471492147428500
-0.00057602497155699700
-0.00057034577389252500
-0.00055793564008739500
-0.00053913312191459200
-0.00051435120633369100
-0.00048407018019628300
-0.00044882931229366900
-0.00040921753268415300
-0.00036586331603091900
-0.00031942399562460100
-0.00027057474929492100
-0.00021999750874373400
-0.00016837004637923500
-0.00011635548503181500
-0.00006459245972977580
-0.00001368613540860380
0.00003579974667872690
0.00008334965637869630
0.00012850179468683700
0.00017085228236263900
0.00021005799118484600
0.00024583803178839400
0.00027797395342950900
0.00030630875062633600
0.00033074480333511500
0.00035124089632324200
0.00036780846919763500
0.00038050724336598500
0.00038944036209197200
0.00039474917346551000
0.00039660778745922900
0.00039521754374384100
0.00039080152924510100
0.00038359927663090200
0.00037386175267140900
0.00036184671188201000
0.00034781445653751800
0.00033202401958765200
0.00031472977759441900
0.00029617850277480400
0.00027660686647955500
0.00025623940120593100
0.00023528691107098900
0.00021394529915858900
0.00019239476805199000
0.00017079935885080000
0.00014930682052039200
0.00012804882299705600
0.00010714151750403700
0.00008668639767142220
0.00006677134779181970
0.00004747173002249860
0.00002885141110629750
0.00001096376904561380
-0.00000614710917056751
-0.00002244473958036240
-0.00003789786033094010
-0.00005247744015034990
-0.00006615348890925030
-0.00007889220269106700
-0.00009065364297270370
-0.00010138930426905600
-0.00011103780866052900
-0.00011951608527350500
-0.00012670329515066700
-0.00013241575677131500
-0.00013637320748580800
-0.00013815980058002800
-0.00013718740189479500
-0.00013267476775863800
-0.00012366628937560200
-0.00010913242958359600
-0.00008822257696203340
-0.00006075622519954330
-0.00002794747439202970
0.00000696688175693968
0.00003891343464013600
0.00006243007858305710
0.00007364258961303640
0.00007133875562996060
0.00005663682432476400
0.00003195826128469490
0.00000009758854262360
-0.00003635181236532620
-0.00007527926735980640
-0.00011514212305197100
-0.00015491934359002800
-0.00019398814307483900
-0.00023197715440914500
-0.00026863817557118400
-0.00030375880206364900
-0.00033711926826989400
-0.00036848369019287400
-0.00039761001858137300
-0.00042426384965691400
-0.00044822666723003500
-0.00046929592232051600
-0.00048727956196588500
-0.00050198961884383100
-0.00051323856221678000
-0.00052083980728449300
-0.00052461165744824600
-0.00052438291424844700
-0.00051999852411113300
-0.00051132443580433500
-0.00049825166446735000
-0.00048069998908757400
-0.00045862169581711100
-0.00043200551407285100
-0.00040088062191885200
-0.00036532046489201100
-0.00032544614766491500
-0.00028142924537448500
-0.00023349395327160400
-0.00018191851879273700
-0.00012703589586495200
-0.00006923356058715360
-0.00000895244250301752
0.00005331504451066200
0.00011702786286936200
0.00018160009662687900
0.00024640560017329000
0.00031078359279249800
0.00037404524251499200
0.00043548125839885100
0.00049437045883652700
0.00054998921023163200
0.00060162156732732000
0.00064856991840986400
0.00069016592248614000
0.00072578150964066500
0.00075483970254903500
0.00077682499363747700
0.00079129297500206700
0.00079787889450852700
0.00079630482133212900
0.00078638514624472800
0.00076803020959041600
0.00074124793466887600
0.00070614343139839200
0.00066291661091321400
0.00061185791862989700
0.00055334235314469000
0.00048782198535169500
0.00041581722907856400
0.00033790714951855400
0.00025471912580633600
0.00016691820608481700
0.00007519651371070470
-0.00001973692039817940
-0.00011716552245778500
-0.00021637338464746700
-0.00031665203160217100
-0.00041730558514259600
-0.00051765435495580600
-0.00061703709802191300
-0.00071481238184311200
-0.00081035960862024300
-0.00090308027392649800
-0.00099239992534027000
-0.00107777106731044000
-0.00115867698839022000
-0.00123463626170426000
-0.00130520757115972000
-0.00136999455239422000
-0.00142865042935611000
-0.00148088227552431000
-0.00152645470337366000
-0.00156519274470872000
-0.00159698370660443000
-0.00162177788505843000
-0.00163958812356148000
-0.00165048824695663000
-0.00165461038093786000
-0.00165214114651517000
-0.00164331676066551000
-0.00162841717686908000
-0.00160775950629433000
-0.00158169102308673000
-0.00155058205280766000
-0.00151481899553538000
-0.00147479768983652000
-0.00143091727890175000
-0.00138357470367577000
-0.00133315993919952000
-0.00128005206046554000
-0.00122461616055538000
-0.00116720109848187000
-0.00110813801487180000
-0.00104773952753337000
-0.00098629955516947200
-0.00092409371937671100
-0.00086138018645086700
-0.00079840081210962700
-0.00073538254598657700
-0.00067253896470870300
-0.00061007162978290600
-0.00054817115371840400
-0.00048701825785735600
-0.00042678500939462500
-0.00036763586247158700
-0.00030972808571671400
-0.00025321192960977800
-0.00019823127799902000
-0.00014492468719108100
-0.00009342578892492660
-0.00004386257319064220
0.00000364354587866265
0.00004897778007528410
0.00009203136274383670
0.00013270148513827400
0.00017089228096021800
0.00020651607765014600
0.00023949390627447600
0.00026975515220206400
0.00029723700373500100
0.00032188427182552400
0.00034364959852644600
0.00036249374399469500
0.00037838573511889000
0.00039130289369942000
0.00040123085220325700
0.00040816358298862000
0.00041210335605059100
0.00041306052136824500
0.00041105308456958200
0.00040610613300683900
0.00039825120628650400
0.00038752568014753700
0.00037397218022091400
0.00035763800209117300
0.00033857450993080900
0.00031683650808980800
0.00029248161413477500
0.00026556968492489400
0.00023616234562523600
0.00020432266566805200
0.00017011497510176400
0.00013360482760040400
0.00009485903492782710
0.00005394578311356290
0.00001093472860779230
-0.00003410287891081200
-0.00008109413799726430
-0.00012996447774578800
-0.00018063771476217500
-0.00023303626736394300
-0.00028708134848862000
-0.00034269328457570800
-0.00039979150547680500
-0.00045829440727737900
-0.00051811901718450900
-0.00057918066820814200
-0.00064139399272618800
-0.00070467385160658900
-0.00076893856025445500
-0.00083410933813040800
-0.00090010980336383800
-0.00096685640863978700
-0.00103425110677181000
-0.00110217204419776000
-0.00117048271931889000
-0.00123905451995457000
-0.00130780769017904000
-0.00137673942033054000
-0.00144590698004262000
-0.00151533921906990000
-0.00158483820120044000
-0.00165377828144868000
-0.00172080527375689000
-0.00178383418829234000
-0.00184027895394563000
-0.00188903546583951000
-0.00193499450669440000
-0.00199335892702384000
-0.00208692517336684000
